3375
1811
3442
3873
3686
3928
3751
2664
2959
4320
2268
3054
2790
1805
3965
2736
2765
3080
3130
2050
2044
2539
2308
4085
3562
2704
1596
2975
3729
2443
2419
3387
3722
1930
3140
1561
2743
3441
3632
3344
2792
3576
3128
2865
3641
2661
3305
3633
3349
4015
3123
2982
3517
2135
3557
2685
3318
3572
2360
2193
3744
1814
4254
2866
2186
2903
3411
2863
3627
3460
3474
2548
3723
2021
2655
2852
3526
1794
4142
2420
2382
2401
3483
3374
2610
3669
1901
3150
2147
3106
3955
3313
2917
1720
2789
4269
2584
3918
2073
3579
3508
3176
2940
2612
2837
3579
3006
4693
3731
3225
3292
3348
3070
3056
3791
1760
1552
2527
4055
3360
4068
3509
3108
3330
3149
3727
2404
2909
3635
2713
3581
1982
3482
3955
3812
2984
3336
2445
3651
3677
2812
2994
3064
2659
3170
2199
3573
3650
2357
1618
2280
3069
2285
3877
2285
1995
2819
2251
1276
3909
4157
4224
3717
2974
2026
2650
2151
3289
3392
3173
2711
3626
3744
3499
3380
2831
4365
3787
2804
2258
2586
4252
2788
3381
2026
2954
4075
3703
3651
3195
4568
2111
3156
3189
3046
4773
3718
3048
3273
2727
2608
3662
2265
4298
2854
3209
3783
2173
2353
2438
2685
2910
3012
3965
3808
2746
2794
1618
2186
4107
2479
4820
3096
2439
2932
3177
4030
1796
2509
2387
2569
1763
2880
3398
2401
2910
4258
3695
4132
3067
3193
3086
2672
3743
3671
3737
3176
4020
2782
3534
3504
2501
2411
2547
2318
3259
2932
3281
2153
3278
3743
3057
3646
3167
4785
3180
2649
4782
3203
3039
2550
2934
2487
3339
3701
2924
2852
2939
3243
3181
3343
2198
3312
2871
2538
3173
2532
3384
3807
3660
2343
3597
3293
2972
2311
3948
2382
1509
3434
3299
2826
2375
3572
3648
2964
2912
3255
3263
2672
2795
3221
2298
3678
1272
2752
2546
3388
3256
2385
2650
4017
2867
3101
2467
3332
4409
3662
2718
3256
3175
3909
2632
2757
1904
3453
3819
1926
2524
3891
2993
2660
3063
4499
3190
4213
3386
3335
3174
2383
1866
2768
3095
3627
3843
3267
4209
2099
2981
4927
3878
2716
1951
3249
2476
3173
1530
2794
3315
4282
3273
4114
4164
2983
2825
2439
2118
2581
4296
3490
2769
2742
3144
2659
4201
2718
2726
4074
3004
3065
3164
3082
3725
3435
4058
4282
3761
3036
3284
4029
2981
3775
3071
4539
3304
3282
3038
2933
1662
3544
1884
2180
3969
3036
3568
3876
4226
2822
2797
2424
1918
2880
2271
2000
2844
2964
2452
2303
4119
2517
3326
3474
2071
3440
2907
3384
4489
4269
3132
3215
2071
3038
2405
2893
3661
3259
3375
2631
4056
3277
3354
2257
2571
3409
3831
3627
3367
2990
2437
3397
2808
4099
2221
2931
4639
3117
3721
2416
3957
2826
2619
3795
2634
4027
2590
1291
3412
3047
3057
2492
1633
3417
3129
2883
2628
3017
2629
2246
4513
1957
3829
3662
3446
1465
2635
2572
3377
4337
4297
2872
4221
{
  race_id: '134005',
  user_id: '160071',
  ftp: '360',
  weight: '80',
  start_at: '2022-06-01 18:30:00',
  time: '1705231',
  finish_time: '2022-06-01 18:58:25.231',
  finish_rank: '1'
}